Boxes (TL,TR,BL,BR)-

L:[ (230,408);(270,408);(230,448);(270,448) ]
2:[ (372,408);(412,408);(372,448);(412,448) ]
3:[ (512,408);(552,408);(512,448);(552,448) ]
4:[ (653,408);(693,408);(653,448);(693,448) ]
5:[ (793,408);(833,408);(793,448);(833,448) ]
6:[ (932,408);(972,408);(932,448);(972,448) ]

CHANGE IN X is ~140

R:[ (928,89);(973,89);(928,134);(973,134) ]
2:[ (787,89);(832,89);(787,134);(832,134) ]
3:[ (647,89);(692,89);(647,134);(692,134) ]
4:[ (505,89);(550,89);(505,134);(550,134) ]
5:[ (368,89);(413,89);(368,134);(413,134) ]
6:[ (228,89);(273,89);(228,134);(273,134) ]

Score1: [ (9,247);(49,287);(9,247);(49,287) ]
Score2: [ (9,1155);(49,1195);(9,1155);(49,1195) ]
CHANGE IN X is ~900

Pits (left, right, top, bottom)-

L:[ (188,340);(315,340);(251,277);(250,404) ] (200,300) (300,300) (300,380) (200,380) ~140
2:[ (328,340);(455,340);(391,277);(390,404) ] (900,160) (1000,160) (1000,240) (900,240)
3:[ (468,340);(595,340);(531,277);(530,404) ]
4:[ (608,340);(735,340);(671,277);(670,404) ]
5:[ (748,340);(875,340);(811,277);(810,404) ]
6:[ (888,340);(1015,340);(951,277);(950,404) ]

CHANGE IN X is ~140

R:
2:
3:
4:
5:
6:

Score1: [ (1022,270);(1149,270);(1085,183);(1085,358) ]
Score2: [ (54,270);(181,270);(117,183);(117,358) ]
CHANGE IN X is ~970